5
928771746 7 100 10000 8000 10000 100
2 7 5 12 3 1 24 14 13 11 
2 7 12 5 14 13 9 3 1 43 
1489086160 8 200 9000 8000 10000 500
1 2 23 6 3 30 10 7 32 31 
1 2 23 6 3 30 27 14 13 10 
1 8 5 23 18 14 6 4 3 35 
1 18 8 5 4 27 23 14 6 3 
1 2 18 13 27 23 6 3 41 37 
1 2 13 35 14 12 5 27 23 21 
1 2 13 35 23 14 12 5 45 32 
1780369528 27 300 10000 4000 3000 500
0 0 0 0 0 0 0 0 0 0 
13 9 0 0 0 0 0 0 0 0 
1 10 26 24 13 0 0 0 0 0 
9 16 33 28 17 30 0 0 0 0 
1 25 10 53 45 35 82 72 69 68 
38 3 11 10 42 34 28 14 6 5 
12 4 25 16 10 79 68 62 59 53 
12 4 3 25 16 79 73 59 53 52 
16 15 11 108 97 80 79 73 62 51 
1 38 55 50 45 43 21 16 2 114 
712862607 176 4000 5000 6000 2000 400
4 41 16 0 0 0 0 0 0 0 
34 23 76 71 0 0 0 0 0 0 
22 19 96 93 80 76 74 65 59 30 
23 1 102 98 54 28 17 0 0 0 
12 96 93 86 78 76 68 66 57 41 
122 102 66 61 41 28 0 0 0 0 
9 47 22 120 91 86 68 38 26 14 
9 23 139 135 133 121 114 111 86 68 
1 141 85 78 54 49 32 30 14 0 
135 152 139 111 58 52 48 0 0 0 
82 73 47 37 18 17 175 171 155 126 
31 191 190 187 182 176 156 122 77 64 
20 23 59 17 208 202 179 154 144 116 
9 46 27 17 2 214 212 200 199 197 
82 51 81 191 187 174 136 130 122 114 
5 63 50 7 249 244 234 218 213 186 
138 34 13 243 235 220 213 150 140 131 
108 51 6 178 81 255 245 242 241 208 
138 108 6 214 273 267 245 200 191 187 
51 42 279 226 101 81 36 34 13 314 
27 178 137 37 13 324 323 321 312 304 
19 89 32 27 311 260 162 101 60 22 
82 158 137 124 18 345 320 306 236 231 
70 4 327 311 304 260 162 101 66 60 
19 12 282 280 266 121 13 389 384 383 
79 336 106 430 421 420 385 383 353 317 
9 4 282 98 453 435 425 420 416 410 
46 387 346 340 327 311 193 160 140 135 
10 70 340 311 255 124 113 47 503 482 
20 336 221 124 99 65 18 534 521 519 
19 153 59 357 335 123 116 65 30 22 
10 409 249 42 373 356 266 255 226 186 
9 51 42 240 226 161 160 81 34 31 
214 97 221 127 34 568 551 529 515 513 
59 536 495 282 172 116 98 47 22 620 
82 433 357 208 73 628 621 593 583 580 
82 555 536 521 388 355 344 322 316 280 
115 661 502 397 354 208 201 158 106 105 
147 640 564 288 282 102 679 665 639 628 
229 138 641 360 357 306 279 228 226 222 
231 229 220 641 619 546 279 271 228 172 
409 316 641 582 344 304 271 260 241 227 
249 641 542 531 411 385 255 238 226 186 
220 619 521 388 373 260 201 193 786 781 
220 658 640 564 521 388 288 282 227 222 
409 372 726 564 498 288 813 812 807 784 
409 249 373 356 291 266 255 226 820 811 
316 272 249 643 641 555 531 344 338 277 
652 641 582 579 548 376 325 295 280 260 
820 582 503 433 356 295 271 861 857 830 
494 546 455 402 377 360 357 349 335 325 
652 590 586 536 501 461 392 385 336 307 
652 531 502 455 418 392 385 307 877 874 
741 653 641 618 575 550 542 540 531 411 
691 586 582 575 501 461 397 304 295 910 
922 664 564 986 958 947 942 935 929 913 
590 582 502 492 442 418 1015 1004 985 940 
658 652 494 862 671 546 531 502 418 1020 
889 664 650 635 579 536 1023 1017 990 983 
889 664 650 635 579 536 1023 1017 990 983 
828 792 726 650 635 618 575 498 448 1041 
487 861 731 678 671 653 550 433 1047 1031 
487 503 492 442 1029 1027 1025 1005 985 946 
1000 590 1064 1060 1040 1036 1004 967 961 942 
792 492 442 1068 1055 1050 1048 1039 1034 970 
461 861 586 536 531 501 495 1060 1022 1021 
658 909 898 852 796 768 741 721 678 582 
652 992 922 898 862 852 792 768 618 536 
731 641 640 586 579 528 501 1085 1071 1054 
731 898 880 852 820 768 671 670 495 1104 
1000 861 586 536 531 1137 1134 1129 1117 1099 
1087 1028 997 992 670 650 622 555 542 1142 
1135 1064 1028 997 670 668 555 1156 1142 1141 
1028 828 792 726 650 637 635 618 575 1155 
680 582 997 944 929 909 796 721 618 558 
680 650 1000 929 900 880 862 677 671 659 
680 1135 1064 1028 997 861 820 791 741 653 
731 641 1071 976 640 586 1214 1185 1169 1164 
641 976 909 862 859 789 691 622 1226 1204 
751 1088 1045 1000 834 820 679 670 622 1224 
1027 784 777 1250 1246 1244 1203 1196 1195 1192 
680 944 909 1102 1022 997 929 861 803 796 
1087 731 1049 1028 888 880 861 849 784 777 
1088 1051 1000 922 888 844 834 1293 1274 1255 
1284 924 836 1113 1071 1027 900 875 828 776 
909 751 1290 1088 1000 922 791 790 1360 1355 
944 1222 1136 1113 1053 1017 934 889 864 834 
1041 836 1277 1216 1135 1064 1022 914 813 776 
1041 836 1257 1136 1102 1032 976 934 889 870 
997 992 921 872 854 834 1423 1417 1402 1392 
1378 1257 1135 1099 1088 1064 1000 934 914 870 
1199 1290 1227 1099 1088 1017 1006 1000 1429 1408 
1199 1041 1421 1378 1227 1223 1119 1045 1032 976 
1172 1053 911 900 1478 1471 1470 1457 1446 1444 
1051 1324 1301 1298 1223 1119 1100 1097 1067 1055 
1051 1117 1100 1099 1088 1067 1047 1000 922 921 
924 1053 964 1516 1503 1488 1487 1470 1451 1448 
1199 1181 1063 1421 1333 1258 1227 1136 1075 1046 
1087 1028 1501 1364 1352 1301 1259 1239 1214 1084 
1199 1028 997 1501 1298 1258 1227 1158 1135 1123 
1483 1257 1254 1245 1222 1152 1135 1123 1064 1026 
1284 1027 1290 1257 1196 1151 1118 1116 1032 1571 
1028 1501 1455 1245 1190 1118 1113 1084 1575 1573 
1041 1027 1478 1333 1301 1286 1222 1196 1158 1136 
1268 1317 1297 1196 1190 1123 1615 1597 1579 1540 
1456 1364 1352 1297 1276 1271 1239 1214 1191 1190 
1170 1102 1097 1426 1396 1103 1100 1657 1649 1636 
1199 1135 1456 1316 1295 1258 1227 1197 1072 1656 
1478 1298 1297 1259 1240 1197 1191 1190 1182 1158 
1181 1631 1609 1483 1384 1378 1245 1222 1178 1167 
1503 1455 1257 1717 1696 1695 1691 1673 1651 1636 
1557 1503 1478 1456 1421 1394 1384 1342 1340 1330 
1268 1205 1627 1557 1503 1448 1421 1396 1335 1324 
1538 1535 1340 1324 1281 1276 1240 1780 1775 1762 
1294 1501 1456 1395 1394 1328 1312 1310 1290 1802 
1625 1498 1456 1319 1316 1295 1258 1800 1797 1793 
1546 1501 1436 1364 1352 1301 1271 1259 1239 1822 
1284 1653 1631 1487 1317 1290 1843 1836 1835 1824 
1506 1718 1653 1631 1478 1456 1310 1298 1877 1872 
1865 1795 1683 1507 1501 1478 1456 1436 1394 1328 
1535 1865 1728 1534 1412 1887 1882 1876 1859 1858 
1334 1653 1625 1555 1507 1501 1498 1442 1436 1378 
1723 1683 1625 1507 1483 1456 1396 1324 1319 1894 
1506 1334 1627 1625 1454 1412 1324 1893 1886 1853 
1850 1414 1350 1895 1875 1845 1838 1822 1790 1777 
1728 1559 1478 1454 1936 1926 1916 1913 1879 1876 
1795 1668 1526 1394 1384 1954 1943 1934 1930 1920 
1535 1506 1622 1477 1448 1958 1949 1937 1913 1874 
1822 1728 1718 1683 1625 1597 1426 1956 1955 1945 
1653 1623 1507 1977 1975 1970 1965 1960 1954 1944 
1850 1808 1645 1638 1597 1546 1526 1511 1988 1952 
1474 1889 1879 1850 1824 1808 1736 1708 1631 1559 
1506 1824 1736 1511 1445 2012 1974 1968 1958 1938 
1662 1894 1878 1817 1683 1678 1636 1632 1597 1546 
1662 1822 1632 1625 1507 1498 1475 1456 2024 2023 
1894 1808 1795 1653 1559 1478 2036 2032 2031 2030 
1891 1875 1817 1808 1683 1593 1503 1487 2052 2048 
1497 2030 1998 1865 1779 1773 1672 1546 2059 2051 
1662 2026 1878 1850 1721 1678 1632 1622 1503 1498 
1662 1876 1822 1771 1632 1627 1615 2144 2141 2135 
1998 1709 1911 1889 1876 1865 1822 1820 1817 1683 
2072 1879 1875 1710 1677 1660 1653 1652 2169 2144 
2082 2063 2050 2044 1914 1820 1761 1678 1647 1622 
1847 1662 2097 2080 2063 1914 1904 1822 1817 1802 
1905 2046 2026 1976 1891 1865 1833 1824 1722 1708 
1998 1978 1878 1795 1773 1742 1673 2212 2206 2202 
2138 2124 2072 1677 1660 2222 2218 2197 2183 2179 
1822 1875 1850 1742 1721 1710 2248 2232 2225 2215 
1847 1865 2244 1930 1807 1787 1723 2254 2252 2248 
1905 2244 2072 2046 2026 1976 1894 1891 1879 1833 
1709 1865 2124 2072 2029 1982 1908 1894 1891 1824 
1998 2072 1818 1807 1771 1742 1723 2284 2281 2262 
2080 2050 1975 1914 1897 1817 1800 1722 1708 2290 
1889 2138 2124 2029 1921 1897 1872 1786 1770 1762 
1998 1900 2030 2029 1911 1872 1808 1806 1756 2313 
1889 1878 2138 2080 2023 2003 1975 1908 1904 1853 
1865 1802 2254 2244 2097 2082 2067 1978 1921 1908 
2003 1900 1865 1947 1911 1904 1897 1850 1807 1786 
1817 1802 2300 2260 2097 2063 2023 1955 1951 1914 
1889 2300 2124 2082 2067 2023 1921 1907 1894 1807 
2263 2181 2179 2124 2072 1969 1879 1875 2403 2399 
1332915483 350 5000 9000 4000 10000 400
0 0 0 0 0 0 0 0 0 0 
0 0 0 0 0 0 0 0 0 0 
3 20 0 0 0 0 0 0 0 0 
0 0 0 0 0 0 0 0 0 0 
46 0 0 0 0 0 0 0 0 0 
10 9 0 0 0 0 0 0 0 0 
10 27 79 0 0 0 0 0 0 0 
13 1 60 54 0 0 0 0 0 0 
34 80 75 41 0 0 0 0 0 0 
3 6 62 54 0 0 0 0 0 0 
17 88 0 0 0 0 0 0 0 0 
86 23 55 0 0 0 0 0 0 0 
12 42 74 0 0 0 0 0 0 0 
44 29 9 126 97 0 0 0 0 0 
12 42 131 124 0 0 0 0 0 0 
10 76 56 44 126 118 103 0 0 0 
5 63 17 35 96 138 103 0 0 0 
30 47 19 44 126 110 159 156 114 0 
1 17 51 44 126 58 0 0 0 0 
26 33 64 140 61 147 124 0 0 0 
4 12 42 67 6 99 168 149 0 0 
12 42 145 101 80 34 171 55 0 0 
12 42 11 54 161 153 95 94 162 0 
119 176 147 124 122 103 94 0 0 0 
90 74 102 164 9 192 190 172 0 0 
1 17 51 126 44 177 58 0 0 0 
8 155 50 51 99 92 95 58 237 186 
49 119 181 176 172 242 214 194 0 0 
36 129 83 170 71 93 29 134 108 224 
3 6 62 41 54 180 131 238 208 168 
150 85 119 9 240 192 111 0 0 0 
33 10 155 148 204 200 186 140 118 277 
22 127 41 162 37 180 239 182 260 253 
127 47 24 13 155 110 85 240 215 186 
16 0 0 0 0 0 0 0 0 0 
31 6 116 89 174 161 154 55 290 261 
155 289 287 191 186 55 316 0 0 0 
13 183 190 0 0 0 0 0 0 0 
7 88 23 163 150 141 111 243 307 300 
30 24 47 171 155 101 230 110 79 289 
26 27 166 258 272 264 201 147 124 9 
12 42 155 156 95 313 289 232 206 200 
12 42 109 131 232 209 313 264 238 190 
66 78 54 27 85 319 272 258 205 299 
76 56 178 153 293 290 0 0 0 0 
16 117 73 319 314 215 212 209 153 87 
31 28 26 104 46 109 210 166 98 316 
26 33 64 61 226 222 187 140 264 204 
4 129 84 17 160 70 215 158 134 72 
28 48 129 40 130 68 60 53 226 134 
30 125 315 71 93 108 316 287 386 377 
75 162 156 198 190 149 69 332 320 282 
202 45 318 222 187 263 243 239 182 386 
164 90 152 374 261 267 366 360 346 279 
128 89 116 405 203 174 261 168 154 408 
405 102 183 379 226 266 81 400 398 350 
99 80 209 183 372 323 288 421 415 392 
127 165 100 145 315 259 133 372 268 273 
129 202 139 110 156 126 318 198 178 177 
110 356 286 87 316 181 337 288 287 282 
155 190 148 140 293 289 277 265 204 200 
121 88 160 155 132 276 259 296 274 143 
160 280 138 116 408 262 209 154 296 274 
375 188 294 181 147 367 321 264 255 225 
96 194 103 367 462 449 81 60 54 50 
230 171 102 101 197 162 415 372 352 288 
141 150 295 163 111 341 425 307 267 243 
210 166 138 130 226 178 492 475 270 220 
232 313 162 161 153 452 382 371 464 184 
210 146 375 330 185 337 275 270 510 500 
195 169 175 352 197 294 278 467 389 345 
160 283 188 296 274 341 294 425 321 490 
180 176 297 203 190 330 373 327 476 426 
315 314 451 498 270 267 552 516 480 449 
356 286 262 401 424 458 434 225 479 460 
261 224 452 349 361 198 189 461 443 393 
260 253 437 538 392 373 327 239 550 488 
425 546 497 461 362 593 564 536 472 429 
258 411 272 249 248 484 591 528 445 218 
471 368 337 551 409 392 606 599 564 520 
280 315 319 296 274 398 359 328 434 378 
396 523 508 413 359 569 557 479 465 432 
382 452 379 669 614 577 504 369 652 626 
486 465 574 458 326 653 622 620 603 565 
436 604 493 478 424 647 581 522 497 403 
382 454 601 533 442 652 628 595 540 512 
549 515 582 562 518 433 432 513 491 480 
374 383 494 481 428 371 622 610 559 492 
429 663 475 467 397 629 604 540 526 511 
560 451 535 504 474 607 542 459 530 409 
548 474 682 610 607 499 493 685 636 752 
496 652 628 434 660 613 578 564 529 468 
471 475 425 413 687 683 629 610 593 510 
451 609 471 641 587 526 482 734 690 539 
546 536 636 566 509 493 807 707 640 618 
546 663 536 745 526 453 807 748 640 639 
601 542 745 636 604 482 460 453 808 715 
528 652 724 628 511 791 784 747 700 678 
477 609 494 769 632 509 830 618 588 517 
496 549 523 504 616 583 682 623 564 840 
563 764 540 535 736 625 605 510 499 735 
614 549 650 669 567 769 745 661 633 632 
607 548 499 493 682 636 610 828 686 685 
711 526 712 533 507 830 829 666 649 869 
734 563 629 548 535 692 687 627 561 866 
622 613 579 539 826 722 610 559 832 810 
594 589 674 734 577 820 686 612 872 825 
643 622 745 730 632 590 588 828 826 725 
589 652 583 632 628 620 588 883 837 769 
647 883 861 738 712 707 612 804 787 746 
711 813 656 873 861 849 830 739 698 927 
716 694 648 643 840 718 637 785 703 969 
652 708 632 925 636 628 899 858 746 741 
883 832 740 1038 1019 1016 949 928 632 629 
820 773 830 788 675 873 722 720 687 857 
813 925 927 825 812 770 757 931 848 847 
1008 894 764 1004 821 792 735 728 715 1023 
869 736 919 889 826 785 988 948 901 810 
919 817 793 756 823 1077 1012 979 874 846 
854 869 988 866 774 1014 969 1078 1042 1040 
813 854 1008 899 792 785 1014 1004 967 910 
919 869 771 988 939 791 780 921 906 881 
1058 899 1057 1023 910 982 930 893 863 862 
884 827 817 1093 1075 1045 987 979 893 1118 
924 873 907 898 878 1141 1120 1077 1071 1015 
919 1059 861 834 1093 1074 1012 982 898 1163 
884 838 1023 1147 1089 1045 1040 1013 960 1042 
1075 1059 1037 974 972 964 941 888 880 855 
1058 1057 964 883 880 1093 987 932 858 1169 
1027 929 1119 1017 1207 857 849 762 756 720 
988 899 869 1103 1039 1023 943 910 883 1201 
905 904 1123 1076 1007 920 1203 1105 1091 1032 
988 901 894 1093 1024 921 1183 1169 1152 1065 
1100 926 967 952 894 1211 997 980 1011 886 
892 1093 1039 933 1133 1076 1118 1115 976 940 
962 921 1080 1076 1049 1084 1065 1005 1253 1245 
1089 1076 1040 1026 990 963 1218 1078 1063 1056 
1148 1074 1003 1064 963 1191 1179 1168 1142 1084 
1085 1073 971 960 1189 1099 1063 1054 981 963 
1001 1023 1079 1065 951 1213 1180 1135 1077 1011 
1062 939 933 1133 1049 993 990 981 1139 1118 
1148 1064 1055 1046 1027 1023 1135 1099 1079 1028 
1148 1075 1064 1003 1156 1012 999 1276 1107 1017 
1063 1053 1028 990 1294 1241 1169 995 970 955 
1058 1057 1055 1048 1003 1201 1197 1109 1084 1065 
1046 1073 1085 1084 1048 1003 980 1146 1127 1123 
1062 1103 1042 1054 1023 964 1294 1079 1072 990 
1175 1003 1256 1170 1163 1041 1024 994 1332 1209 
1093 1044 987 1038 981 1328 1266 1250 1115 1066 
1133 1044 1294 1179 1163 1045 1041 1006 990 1276 
1148 1064 987 1256 1226 1162 999 1324 1288 1276 
1044 997 1150 1078 1030 1326 1305 1282 1248 1185 
1133 1226 1135 1114 1328 1291 1280 1236 1198 1180 
1085 1073 1335 1201 1138 1078 1018 1305 1268 1213 
1023 1148 1079 1064 1008 1304 1290 1004 1380 1350 
1181 1074 1165 1048 1264 1225 1144 1072 1321 1174 
1039 1165 1103 1406 1106 1079 1252 1201 1086 1072 
1094 1208 1086 1329 1262 1222 1209 1104 1424 1375 
1141 1071 1371 1303 1262 1244 1098 1441 1365 1364 
1156 1212 1392 1350 1317 1303 1130 1431 1425 1399 
1085 1372 1284 1145 1135 1348 1326 1323 1163 1154 
1111 1261 1245 1462 1446 1369 1298 1213 1193 1376 
1170 1290 1191 1303 1235 1211 1210 1462 1315 1262 
1109 1418 1229 1192 1415 1345 1329 1266 1230 1143 
1153 1425 1348 1338 1326 1211 1488 1373 1369 1350 
1294 1280 1247 1360 1199 1478 1394 1363 1213 1171 
1226 1252 1327 1296 1279 1205 1192 1191 1161 1404 
1249 1355 1327 1231 1413 1189 1493 1375 1336 1322 
1176 1392 1331 1280 1218 1208 1197 1191 1222 1193 
1175 1305 1406 1207 1284 1280 1247 1205 1182 1394 
1304 1169 1327 1348 1326 1303 1286 1185 1479 1405 
1228 1294 1170 1357 1260 1348 1320 1195 1193 1503 
1292 1291 1424 1339 1528 1455 1354 1350 1325 1322 
1304 1334 1528 1525 1400 1387 1344 1318 1202 1567 
1406 1304 1249 1227 1461 1343 1279 1270 1201 1427 
1216 1343 1279 1261 1205 1484 1433 1285 1221 1553 
1260 1205 1494 1427 1418 1307 1302 1245 1187 1557 
1225 1392 1343 1201 1424 1360 1339 1274 1221 1549 
1372 1367 1249 1235 1375 1209 1433 1423 1550 1528 
1324 1400 1256 1588 1466 1344 1262 1246 1597 1576 
1252 1514 1412 1404 1333 1285 1584 1459 1456 1449 
1447 1340 1337 1280 1279 1588 1486 1433 1344 1287 
1334 1369 1338 1326 1535 1488 1425 1348 1659 1567 
1299 1419 1417 1290 1619 1421 1538 1526 1493 1410 
1438 1379 1583 1440 1397 1323 1606 1541 1501 1465 
1315 1342 1316 1469 1348 1583 1514 1477 1476 1427 
1447 1327 1526 1535 1364 1616 1605 1574 1566 1540 
1404 1569 1525 1421 1409 1338 1581 1510 1480 1426 
1619 1350 1333 1593 1583 1535 1378 1335 1642 1585 
1644 1367 1557 1526 1593 1437 1410 1362 1705 1664 
1404 1569 1525 1421 1409 1388 1581 1510 1480 1426 
1392 1388 1379 1642 1510 1412 1399 1584 1541 1521 
1406 1371 1492 1677 1660 1538 1493 1442 1393 1362 
1447 1413 1581 1422 1381 1682 1651 1521 1472 1401 
1417 1705 1601 1513 1535 1458 1423 1696 1689 1590 
1417 1418 1583 1504 1666 1659 1587 1568 1411 1757 
1474 1413 1697 1480 1409 1670 1612 1505 1477 1675 
1569 1462 1642 1450 1647 1626 1535 1527 1424 1422 
1584 1464 1666 1518 1489 1460 1457 1757 1668 1625 
1453 1511 1443 1428 1660 1582 1541 1753 1681 1674 
1526 1434 1594 1607 1578 1568 1562 1719 1696 1669 
1483 1632 1538 1479 1666 1607 1568 1493 1490 1486 
1644 1461 1500 1509 1702 1541 1747 1717 1696 1652 
1448 1584 1552 1702 1664 1634 1590 1541 1713 1690 
1500 1469 1622 1618 1557 1513 1509 1507 1610 1539 
1466 1480 1618 1549 1684 1593 1539 1490 1739 1716 
1476 1680 1526 1601 1507 1612 1607 1568 1806 1757 
1570 1525 1518 1499 1702 1521 1490 1840 1821 1694 
1564 1553 1582 1660 1603 1767 1682 1617 1878 1869 
1646 1582 1738 1616 1602 1848 1767 1725 1611 1589 
1705 1668 1652 1584 1821 1702 1620 1589 1843 1837 
1776 1602 1581 1785 1725 1654 1611 1905 1881 1865 
1622 1617 1819 1733 1704 1666 1633 1606 1814 1802 
1588 1738 1734 1697 1660 1642 1634 1905 1902 1893 
1656 1698 1677 1623 1600 1591 1837 1740 1693 1872 
1595 1738 1734 1697 1612 1611 1602 1897 1767 1711 