4773 
4970 82 
11153 8012 5632 
6006 6721 450 1817 
5466 4684 3266 7776 12661 
2079 463 11712 12462 6237 11275 
4540 3217 11024 5946 5159 3844 8470 
1662 2241 7958 5028 8505 6434 2055 6356 
11844 4889 1682 252 12185 10560 9658 5719 3979 
10285 2959 6603 7598 10663 12673 921 4445 2920 4918 
5547 
9159 5762 
8150 3661 7285 
10223 10341 516 11733 
9854 10821 2860 1083 10497 
7871 1555 2792 11655 6430 4023 
150 11176 1896 9877 6789 2681 11840 
6095 8538 5662 373 96 9498 7279 7221 
1667 754 9227 4568 4671 1078 3242 11753 957 
3379 6153 6465 774 5206 5717 9176 8442 12269 12374 
5310 
584 2944 
6239 11175 8024 
6086 3026 7968 1502 
6155 8103 5489 10332 8188 
7515 7265 2041 5111 98 10049 
1147 4065 11945 1226 4984 11633 10069 
3503 4629 9148 6539 3029 8340 6894 10752 
10897 11563 10741 1358 3228 1804 721 12134 11799 
501 11478 1992 1030 6919 5764 5772 5090 14988 7328 
6101 
1000 2756 
12276 8758 12017 
11606 8246 58 11321 
5371 4113 9734 10752 3457 
10154 7877 11481 6783 12689 3554 
7139 8560 10107 8676 13504 445 2627 
4077 7721 2255 5343 12614 7879 11285 2810 
3186 475 2219 10908 7222 6527 6167 6070 1430 
732 3085 109 10264 6926 5975 7280 8535 11200 7416 
7968 
10634 6600 
8161 2696 8229 
3959 2299 5211 9067 
1077 10161 492 10590 9440 
4011 2706 892 2568 263 11455 
6875 11448 5816 3227 2147 4651 8593 
283 6587 7784 6889 4756 10157 7557 12059 
4565 1360 4912 1560 52 1761 6354 499 12669 
4479 9234 1727 7412 8217 2630 12542 11385 1928 5588 
11930 
7647 1792 
2632 8513 2766 
6200 7504 5152 4303 
4245 6600 6322 2936 11711 
5168 5519 4671 6702 10686 771 
6258 7562 4546 3250 8363 4587 9005 
11933 4935 10682 6871 5389 4242 12346 9817 
1293 4496 924 5521 10471 370 11800 7761 7076 
1494 8541 2781 3584 849 2293 8534 2387 11023 2282 
8051 
4145 6670 
2442 5487 1850 
4415 3043 6417 7806 
10878 4785 14582 190 1165 
436 5243 19877 723 6309 464 
6730 10905 3437 4198 5998 218 10869 
7023 9873 8894 3741 1007 95 3170 2277 
9737 12528 4383 617 7658 7940 3264 9926 2343 
5957 273 5767 9672 1331 8743 7890 12486 11953 8719 
8039 
354 6881 
1069 1478 7762 
5089 10272 6775 4845 
7565 4016 1685 11688 7330 
10757 429 8203 2769 12094 5946 
3940 6830 4449 4521 7479 4776 1046 
2496 6131 9400 2695 8349 9884 11750 15225 
8152 9509 11414 582 896 7549 1052 6484 10562 
9190 5912 3106 11755 5279 6290 7809 1742 9837 7580 
3823 
1741 15734 
12410 5360 5882 
9376 9780 5245 6964 
4714 8869 10691 7646 9312 
5551 8449 5480 4343 10428 5134 
8730 10602 2316 2908 5475 77 8958 
8212 8073 8741 7306 5611 780 3463 5339 
8140 10061 1452 11507 5130 8887 5001 5701 19386 
12117 7493 11227 9877 10929 5337 8196 2809 12576 4634 
3319 
472 4681 
11460 4928 12135 
11690 1182 856 8993 
5293 8323 784 6709 800 
8946 4178 1159 3215 7759 7277 
10742 6382 9370 2302 5888 2892 11463 
2351 4239 310 9113 11010 8868 4915 120 
5940 8839 11630 119 3402 4830 12567 6399 9031 
1974 10828 5335 3156 9875 9153 7531 5154 10635 4959 
1373 
10712 2339 
11461 11223 2292 
11860 9195 10353 5291 
6675 4250 4220 1267 2010 
7289 10466 12077 9155 394 8751 
8204 6632 7448 5521 3075 5906 7650 
3748 7148 5388 16804 8917 2023 6718 2668 
5224 1154 12377 10671 118 4224 11379 5206 8285 
9870 8499 6211 7377 504 6876 4524 3543 5354 9117 
561 
2877 7612 
4467 7372 10527 
8638 5644 10420 12119 
6678 12132 1598 2808 6586 
11880 7545 3185 3611 4113 7689 
5580 8702 1075 8135 4071 443 4507 
3690 7902 1821 11663 6185 1474 12397 4841 
201 824 11862 3816 12538 2397 3539 3339 6949 
8230 9569 5226 8837 2480 11154 9149 2565 7127 2414 
9082 
11119 10364 
1584 212 5624 
5507 3844 891 7235 
11575 9926 812 11530 9560 
3699 7445 171 7211 334 10770 
886 5643 10117 8419 3273 4780 482 
3276 12172 2138 8871 5262 9649 9663 217 
12331 3238 12405 7211 9576 8531 12134 11898 10036 
7192 6190 3539 11470 8149 2416 1807 6142 11602 11210 
529 
6537 1565 
4289 12182 12231 
12377 5778 7667 6795 
7581 1644 1017 9527 11633 
6112 9713 5846 7175 454 3732 
6341 11311 8487 7744 5275 8669 2840 
5380 10780 908 9504 4642 535 1431 11827 
10852 1333 10038 780 1370 5622 6369 2628 2934 
5083 5718 1278 2950 9315 7783 312 2120 1913 1005 
4753 
9256 8951 
2460 12615 9931 
3128 10344 810 6650 
7773 12661 5812 6453 12368 
11901 8080 1676 1375 1709 8354 
2013 7514 9271 2308 4522 10569 14392 
8933 2299 8330 8396 510 477 3438 8871 
12507 5387 2823 2631 2565 10260 9538 4561 2371 
5147 2189 4168 11139 11906 4214 4535 7527 4964 6871 
1693 
5776 7240 
10124 8210 10864 
6919 167 872 5955 
7062 2219 4869 7552 9980 
4571 12460 5026 4651 1847 9268 
12164 6470 572 7039 7685 7331 12657 
4919 5072 6453 7083 2299 11727 6823 10045 
9744 10040 9547 4739 8256 4409 5412 9007 590 
9485 1485 10421 4631 5218 11224 1071 356 9131 789 
400 
10641 1343 
7402 10763 12717 
1042 10040 8892 835 
11660 8233 18070 784 9828 
2031 9432 1447 4451 3981 3577 
4363 4802 11722 14798 7186 6901 2170 
8065 10918 5573 5410 7747 7881 10521 7882 
11831 3806 9284 488 3775 2920 7331 138 3231 
3494 8249 1408 5613 3444 8845 6752 7406 1992 1251 
1179 
7824 1289 
8785 3319 1035 
6765 1369 12758 4472 
1346 11691 11905 10782 2097 
2878 8012 11704 9072 4244 6552 
3671 1661 10635 8395 5912 1946 17329 
9283 6487 15063 8601 9976 6790 4930 13216 
3346 8638 9538 11287 12431 245 9387 137 11697 
2546 2759 5368 11787 2645 6772 1199 1362 8694 11934 
1992 
9541 12116 
8013 2021 1604 
310 927 796 2182 
11520 3086 10629 6812 14313 
4455 8874 1166 11565 9460 3822 
10210 6923 567 10469 8950 10238 1079 
5064 9811 12739 287 3051 160 9148 11147 
9242 474 6781 11413 7423 1321 5146 6523 11100 
4170 2076 4439 9896 2923 7892 2276 7564 366 552 
12428 
10545 4679 
9065 11206 1782 
3689 6365 8628 811 
969 9042 15 12342 4817 
11759 5906 4893 10435 4223 8217 
7555 5422 5738 11219 536 542 3400 
11920 6650 6372 10199 11769 5821 8798 174 
2657 8550 5887 9347 2218 11724 4170 11951 7580 
3221 10625 11831 7081 7779 8472 958 3557 9146 7994 
2318 
7390 7897 
4808 11865 15405 
12632 9809 8270 6892 
6145 10107 6900 10180 2963 
4762 12262 568 6085 7483 5515 
5074 12072 4377 6837 9185 10153 6052 
449 7837 9916 3248 8095 6713 10316 7251 
11684 2273 2536 1501 8083 11141 3551 12181 11392 
12318 3492 12463 4948 9387 5375 3933 7062 8796 10910 
3896 
3687 8065 
4893 5756 5499 
6705 1207 5605 12006 
6990 4271 11894 7083 11545 
10794 11872 2149 94 2302 11168 
12764 12726 7259 11414 9040 220 7549 
12648 6326 9514 2008 12511 5805 7310 1783 
1971 7606 2597 11524 2128 11921 11822 11787 5667 
5776 1073 8698 6728 9845 5945 9470 1385 1341 1526 
10655 
4452 7859 
3009 11205 7176 
8801 2539 1932 6640 
1209 10570 4530 17945 4358 
3428 10485 12175 9349 3647 23 
30 3273 7116 8281 8218 11467 8956 
5754 1140 1072 1426 9733 8368 3748 10229 
703 3614 5083 3677 9339 4694 1106 4807 6321 
8199 472 8189 8136 4230 8992 11493 8430 9028 1592 
6696 
12057 3464 
6310 5329 10369 
10046 4797 1728 10575 
5135 5957 5398 11561 7732 
7595 10407 1216 11778 12130 796 
6915 3227 289 5913 10490 12429 8613 
3387 9947 6453 2745 12041 2140 7639 3954 
12164 1793 5722 10825 8644 8747 8272 5392 4351 
9635 906 10092 3277 418 1988 16 8639 9415 4450 
1231 
8095 10525 
9967 8768 10842 
10524 11998 12315 3385 
3428 580 2646 8860 6513 
3019 3317 5965 12714 10995 3293 
9781 4064 4784 5141 4260 2283 222 
831 1572 3481 8559 8289 8903 9416 8083 
7146 8728 12169 4858 11191 1234 10779 3903 12087 
5827 11223 12533 12028 1240 12750 7930 8212 757 3658 
10278 
9430 11383 
6614 1369 4771 
3318 11486 7604 5591 
9852 8919 18698 5798 9697 
8089 11627 8245 610 10590 7455 
2195 4334 1826 1327 11901 6390 4326 
6177 8783 1784 8742 91 3501 3141 9262 
4644 10100 18099 7602 8609 8156 2007 5051 9909 
12337 10726 11284 6679 4935 248 12728 4423 9084 5512 
6030 
4699 7227 
10895 9366 3227 
3190 6438 3303 7640 
3391 10994 2673 11855 5508 
12415 2646 3780 10047 1474 11507 
17866 6685 9590 3186 3541 10470 7913 
2334 6387 9863 12164 8564 1271 12298 4686 
6981 11968 1594 12689 7077 7890 8907 11137 4620 
4650 7930 10674 6386 8161 11782 1202 8877 161 2892 
8646 
273 3242 
2693 7763 10403 
4395 2865 3228 5052 
4794 6060 3147 10935 3060 
10752 3161 10198 6279 12757 1210 
4650 1544 8208 4885 4758 10133 7196 
12123 12551 1802 6592 12446 1263 8811 3549 
1638 10145 1335 9924 3415 4583 10927 8116 2881 
8995 11766 6327 7225 2657 11910 6690 930 6568 6182 
9718 
1229 12655 
6843 4577 10120 
5696 2169 7643 3779 
8526 8924 3388 857 3120 
6392 10616 11547 9263 7715 8637 
9362 7923 10451 1761 6670 7129 14480 
12200 6704 1693 1069 2169 11563 2216 6701 
3353 453 4616 11181 749 18788 10112 7262 11050 
3988 1676 6082 1531 1110 8541 623 11351 7051 11173 
5383 
9919 7414 
398 8892 11139 
7064 7984 4513 5733 
3879 10401 11802 5369 10229 
3532 3101 11241 12275 7053 6820 
3867 11634 4216 3498 9020 5755 11795 
7912 8935 2529 11528 8828 5817 11441 1578 
10083 9690 9525 8335 7459 12716 9725 6580 7192 
983 6060 2133 2719 719 1599 12724 7945 11584 11213 
11730 
104 2124 
5994 5027 8867 
4317 11815 8999 8698 
4581 9958 6091 11708 8516 
12446 6154 8809 6442 9000 2033 
12638 922 11441 10478 2236 10273 11028 
6443 7679 5179 12516 623 1926 4735 3304 
7241 6216 7921 10572 12052 11404 10183 9334 2884 
13712 9495 1274 15193 1181 576 8994 5556 11611 9314 
10638 
6107 1566 
9627 4126 5140 
9855 4125 7743 5954 
6113 103 12201 11660 10955 
2325 10007 2733 6599 1546 11993 
10876 11902 3235 9403 10072 5757 3157 
4831 10316 2225 7439 8020 6579 4230 10857 
2994 11538 9661 7764 10646 10760 9084 6162 2358 
4792 6447 2364 12442 2323 2780 2345 8208 134 9554 
12435 
1849 7730 
8094 8674 6523 
9791 5605 3103 8501 
7590 6500 8500 4198 11819 
3582 951 11269 3767 1167 7248 
3837 2118 8928 5791 1853 10649 17526 
1760 6008 4301 3498 7625 1144 17472 12606 
4806 5064 9 3544 1613 786 2317 971 507 
8335 5554 5333 8235 802 6047 5087 10367 1684 5678 
593 
12117 2968 
2165 1242 4551 
10439 6896 7351 7026 
3850 650 6711 3030 4222 
5437 4023 7057 5934 12416 5956 
6075 5791 3080 3611 7307 7893 5419 
11994 15459 7976 8643 10966 10422 6114 2455 
7611 7028 3559 919 10799 11190 1727 7750 1544 
555 3666 7570 3977 1960 11619 8167 8055 6685 11178 
1374 
2271 10750 
8762 11853 7139 
8858 10373 8440 3702 
6224 4998 2915 9356 10559 
12396 5805 9001 1141 1421 3852 
12215 7789 8086 1253 6633 11885 10751 
3804 713 12638 6036 9853 6709 5457 5614 
4656 10036 8115 159 19661 12308 3466 7041 8822 
6718 7521 2514 12190 12042 1367 5215 3551 2534 1631 
8032 
9107 9362 
7581 8696 4073 
8850 1354 1702 12700 
459 5718 8650 5965 6269 
9570 45 2551 3283 2732 1009 
8201 7542 8232 6914 2994 6055 9346 
12388 9108 6972 3957 4986 10007 7141 3679 
8028 3408 9553 12363 10116 9447 10591 11010 8916 
12144 6481 12322 4936 6552 2384 5637 4745 11983 8751 
6951 
4167 2931 
12194 4283 5512 
9660 8178 2112 10697 
9624 12558 7974 10337 11924 
4064 4061 12181 11632 7986 6201 
1807 7430 3571 11466 2877 15805 12577 
9995 2555 7344 1528 2690 174 7403 712 
2291 15841 10588 598 12320 3347 9742 4234 3946 
5037 132 4630 6133 3353 8914 9231 6829 1679 3750 
4690 
11266 6901 
11716 12665 8587 
3186 11097 3242 94 
1258 3119 5207 4332 5547 
9379 5646 7390 4650 4092 7708 
597 6732 5707 5012 812 7134 530 
12631 8001 4616 4097 6844 3110 7990 4985 
6800 10738 8493 5248 5238 3751 11154 3508 7795 
5825 9925 4124 11007 1727 7998 2751 7922 18176 1857 
11738 
11072 12210 
2052 19479 1589 
10883 13 8465 6577 
10360 1209 8693 1914 2182 
4367 8489 8466 9220 806 1359 
7073 4932 386 11122 5471 8861 4223 
8557 11045 802 2117 6076 6501 5053 6206 
377 12162 11023 2900 11940 9750 5197 11970 10065 
3613 7458 11487 1489 12758 5706 4951 3313 7501 7939 
10358 
917 3127 
12642 7701 1955 
5095 6160 8922 1385 
12555 4541 1619 5910 17428 
12514 706 4616 11848 3779 6399 
2488 9024 412 7015 5461 11441 10459 
6680 8771 3653 11817 5379 9212 439 11906 
3492 7198 3288 8637 12365 6333 10606 1504 11482 
10202 2505 8230 4121 8513 305 9191 675 6012 11344 
3444 
1431 4577 
1350 7971 2637 
4484 2237 9748 388 
6282 9370 8003 4628 10543 
946 2067 155 8556 8217 1002 
5233 5657 3978 2918 11257 3555 10070 
12764 7603 15126 2829 4264 1726 10952 9075 
5749 10738 2523 2247 8926 12575 7953 12320 3452 
2312 4670 8807 2251 2520 11540 2448 11794 6079 7358 
4061 
9898 3654 
4586 7100 6973 
2718 11256 8118 6964 
3046 3365 12145 5965 4255 
9519 8297 8700 11777 4645 6245 
597 10270 4553 4965 5575 11575 9948 
12170 9585 1873 3360 11492 4468 5980 12638 
8423 5816 2716 6844 2101 10940 11965 10034 1492 
6250 2810 4105 3273 2509 11205 5567 10029 3277 834 
10000 
638 5279 
9391 3862 2983 
3276 2498 10265 3636 
2118 7234 12569 3716 11612 
12116 11026 6284 11613 380 3922 
11518 6497 1725 307 8809 10444 8162 
4039 7145 117 12614 5318 7207 1925 6888 
5179 7572 10549 1910 4975 4889 6980 1216 8040 
9665 997 15542 9432 3888 3104 12288 1071 8794 6592 
5384 
1053 4832 
1288 4849 619 
9095 806 3840 6296 
11480 7482 6439 12157 1290 
2674 2161 9856 10190 9807 2829 
6394 7457 12073 4020 884 10606 7826 
18625 11034 12524 6104 9861 8517 5368 5350 
3918 9375 8381 10362 1776 12550 10540 782 9832 
8743 8387 8589 10178 10621 4648 10204 1419 9002 5963 
5793 
2713 702 
4770 6515 7961 
8429 3683 19704 17005 
691 1719 10576 2019 1591 
2893 6059 12077 19551 4140 898 
676 7017 4484 7191 3779 8405 9476 
8989 1054 14750 2419 2484 3354 10450 9558 
4289 1844 1073 6252 3773 12705 9048 7476 3175 
5111 10170 7363 7684 6371 5820 7468 12732 9856 11685 
4571 
4062 5513 
2029 9380 7611 
10482 10460 4070 119 
9315 9319 7671 5691 6231 
3216 9202 2240 782 11513 212 
4018 9839 7432 11084 6786 9637 6574 
2724 6544 8853 8839 11256 2798 10283 4557 
4087 9684 2762 8954 4357 4494 7734 8031 7051 
9547 12392 631 6148 11466 12683 6850 2567 10249 5624 
7933 
11607 3561 
3360 7810 10788 
10561 11072 9754 7811 
422 4186 6387 4446 7841 
9521 12057 9195 9145 954 3724 
11657 12366 8704 12531 6777 4427 11272 
2418 3486 899 6278 8057 4986 5437 9515 
12124 5736 4376 5323 1030 5890 1939 9211 7219 
2620 11500 1053 9180 11115 10622 7839 220 11462 1900 
613 
4797 12228 
5398 11698 5841 
8193 3665 10656 7936 
9253 6754 3918 6607 7506 
12579 11644 4125 12027 6602 6615 
4254 4081 4470 11589 2204 9873 3006 
1215 4726 4639 4079 1172 3005 7876 12580 
6596 6234 238 4760 3294 9520 8263 8099 11297 
15216 10025 433 678 7468 6790 6435 12604 1070 4876 
5938 
9700 2733 
10800 8218 7804 
6793 7046 5224 10669 
12210 5636 1824 14464 2037 
2646 11433 515 8183 7493 12173 
8714 364 7276 5457 11759 952 14806 
12112 8343 6911 700 8540 3077 8234 3178 
9978 4631 12333 2220 6005 5944 2543 10836 3650 
7997 554 12357 4114 8873 5090 11298 6930 5985 2444 
1900 
11663 7827 
2658 840 5944 
7384 2751 5845 12508 
11975 8276 8649 6839 5119 
8048 6079 8856 911 1932 7678 
6213 6684 10333 7513 2 908 1139 
12294 2133 4825 8309 10559 11201 10385 11331 
2829 4973 12042 3825 2984 1534 6912 8077 1193 
6536 11793 2834 4172 3225 9696 4112 6106 9134 11849 
3051 
9729 6322 
10651 7494 11540 
4739 3137 937 3290 
9673 3370 6111 12268 11866 
2460 1163 9467 9458 1251 2409 
4112 12055 2470 11519 4099 1225 1003 
11659 12758 4792 1314 6896 6351 10577 5732 
10075 9373 663 5264 11603 9419 10528 259 2303 
9379 2301 6541 551 5333 5379 11680 11889 5444 5987 
9051 
4087 10902 
12036 1175 11796 
5394 15207 2650 11909 
12547 3845 1729 4337 4343 
1749 381 6726 19915 1483 2572 
18000 7255 555 7517 3684 11657 335 
8520 11182 8122 2886 2290 6289 6146 6066 
2782 4267 10524 8616 8669 3557 5013 1687 2992 
7416 3363 11647 6291 11669 1004 3731 12511 4173 9819 
5534 
4285 7252 
8858 445 6212 
585 5309 5029 2883 
4692 4802 12318 6319 2943 
957 12514 10606 12225 2271 2556 
6531 2182 12106 6063 655 6298 8526 
5774 12154 9500 9561 12134 3662 12430 6401 
10290 3694 3388 1085 6902 9145 7602 11146 11283 
1526 11246 3679 2622 111 6312 8069 8636 11407 11390 
9154 
1637 5120 
11557 14955 539 
279 5641 3749 12616 
1131 1142 6518 6669 11655 
1409 12524 5120 11321 10570 6662 
4539 7629 8323 1018 1451 4370 1912 
10653 2639 6669 1621 8248 12278 8178 166 
2902 11151 12284 530 155 8207 10043 9822 1036 
10372 5789 11419 10302 7803 11804 1271 2302 12660 10910 
3422 
4030 3133 
2761 2551 1201 
7140 1783 783 4557 
1929 7734 3264 6443 12723 
8517 10944 11119 8600 9430 7597 
12307 11878 4306 2274 11000 11125 7150 
6059 12162 9126 1830 3890 14481 7692 12218 
10840 16990 86 11662 11652 11539 2814 691 5869 
10145 1471 5440 1973 3632 10908 7406 4430 4329 9896 
8605 
6850 395 
147 6087 8655 
904 5231 7579 9642 
4388 9066 7305 14727 6296 
5036 12668 920 1604 3888 9613 
10381 9782 3554 6875 5083 7197 3095 
5520 6671 4812 1913 9436 4113 9471 2958 
2743 4138 11035 4621 7003 8228 8460 11057 4334 
9889 7432 12596 9128 9124 7040 4495 8025 8401 6120 
1548 
11824 1168 
5808 12298 5485 
8682 2453 579 8786 
6458 8593 5106 5674 779 
13499 9460 5968 7652 5489 9709 
3739 4384 1418 5304 11981 7851 1078 
12704 3763 3339 373 7025 12617 5179 4070 
6369 510 6438 135 5253 10121 2948 9898 3897 
8076 7896 3534 7720 8314 6704 8631 2803 6945 9789 
7312 
1066 6338 
1506 10029 8187 
6354 5090 9136 6405 
3895 10839 7215 9550 2788 
18230 2433 2344 3141 714 9993 
3677 1019 2602 5809 10287 10625 46 
1421 2655 1058 11442 2400 6488 1208 2781 
9639 3292 11646 1717 11886 8600 8950 6604 3925 
6254 7683 4782 13917 8617 4971 9536 6425 6045 6314 
6271 
507 11949 
9409 8676 3704 
7620 192 12509 5145 
7378 4921 10583 2623 932 
8988 9114 7175 6354 11008 11703 
2362 2782 8270 94 9611 1006 1704 
8673 4313 11689 2326 7045 9088 14313 4190 
5305 18699 3624 353 9372 2728 241 10486 7356 
7889 1161 1493 5639 3598 10989 12282 7908 5894 11670 
9931 
10505 7622 
6299 7792 4118 
7555 9609 9325 8923 
6839 10127 4106 1884 4112 
6254 265 7804 908 10621 10936 
9632 10423 5843 2882 12280 1630 11603 
1965 1083 12472 3113 12642 7703 6458 7075 
6237 6936 384 6700 7371 6627 10536 1178 11503 
4654 4005 4564 2483 3628 9689 8589 7333 1287 3705 
9124 
1490 885 
2737 10328 3578 
11242 6685 549 7670 
2185 11844 1273 4976 10612 
1841 10271 2844 309 1471 5383 
6478 10114 8610 9741 11246 5068 4799 
7425 4667 8753 3128 7923 10131 12409 281 
11762 1317 125 10088 10407 802 9636 15526 2990 
10077 10618 11828 3053 5059 7309 2043 5381 2950 13945 
7501 
1883 12187 
2518 11002 406 
7637 11336 1232 4306 
6849 16821 7758 925 3704 
11233 1990 8105 3818 4177 2387 
7437 2291 2294 11657 4424 43 1406 
345 1614 4569 1836 10778 2996 461 11851 
12007 4357 3692 11692 5210 3240 1687 5767 8873 
6883 8331 10978 9572 5464 8236 11891 8433 6601 12655 
10257 
283 3064 
10442 7257 10936 
212 9151 1621 6402 
5303 5499 12539 1343 11333 
4549 4192 6125 10784 2976 4198 
4742 6965 7902 5308 2720 5364 4501 
4618 12309 10231 269 4500 9927 5442 6598 
9030 2672 8062 5160 3654 9769 25 12284 6112 
5557 7437 4518 9615 4366 5384 11490 9650 2176 16754 
1131 
12097 9619 
9103 1763 408 
2344 3598 972 626 
9320 3871 4573 12208 9018 
1403 6789 11384 738 10460 10461 
9771 1213 6408 1829 11182 4925 4239 
6289 10853 7049 9250 6619 11856 6559 10289 
6864 8113 1243 333 16102 8556 73 6466 5560 
7656 4320 1401 1620 10645 2842 6824 8547 4614 10358 
3884 
6470 7924 
2237 12490 6019 
6385 8892 10255 12546 
10528 1323 1005 3550 5771 
11248 11914 2907 7059 7639 403 
10075 5727 11990 4275 3176 1754 5226 
10690 12442 8487 5450 7618 14322 5003 8209 
3513 6691 10448 9691 12036 1465 9418 4633 1764 
5929 58 526 6441 4657 11222 6966 10725 12333 6343 
9367 
8633 3811 
3716 9601 7349 
1480 11444 5763 5497 
12633 1772 175 10508 3407 
189 6301 683 5717 12284 10175 
8297 12333 3354 6211 788 1368 12141 
173 10454 10789 8150 10991 3287 5168 6790 
1947 10701 2527 6236 6661 10730 4121 4550 12165 
3508 5909 7469 12650 10647 12524 11226 2405 7003 133 
5085 
4177 1746 
6525 9080 8789 
5320 8681 4046 2985 
6704 4419 11698 10172 9989 
4427 9909 10095 7817 1444 10933 
84 5045 8867 2734 1042 4495 18777 
10413 18502 10259 7576 10564 2452 3553 4585 
6566 2719 10828 7309 2460 2105 10121 3381 1033 
6521 56 7627 2286 1724 7840 11499 4350 90 11533 
679 
4090 3940 
12091 10701 7940 
761 8800 5108 285 
223 1928 2885 9822 11286 
9354 11266 4452 9336 3954 7252 
11345 3843 10897 6297 12418 3277 3974 
3080 8860 7559 12028 2597 1346 4761 1310 
10474 11976 3686 10634 11712 4089 703 3217 1450 
7180 12310 5659 8092 2397 11031 3535 6416 8363 10782 
1536 
352 7731 
8407 2043 12303 
7782 6778 10970 16309 
9753 12314 6262 10949 11244 
893 1945 11505 7071 3263 2210 
6417 8223 11806 8791 8553 566 7945 
7749 1824 6372 10442 5388 8807 5241 12219 
3228 6847 5860 10570 10946 5861 1261 8548 3605 
2597 9625 10335 5629 1970 4017 10995 5314 8335 10163 
3007 
5699 6266 
4907 9885 11195 
6155 7371 1348 3188 
4711 10967 11415 392 8397 
12261 8933 3575 12217 9658 10896 
7240 484 11132 9194 8647 17927 6105 
7444 12214 80 11269 8396 10533 7635 6734 
3552 7205 8092 12508 8346 10330 10201 3598 5323 
13359 7656 1444 8033 2631 16959 1683 1054 4485 3718 
1683 
7589 8882 
4480 10750 6276 
5694 5144 10966 3887 
9557 704 7515 4731 12650 
10497 6721 7711 2712 11439 10589 
4633 5413 11409 10893 7029 9788 10635 
10908 1771 7302 9403 12558 10418 8630 4482 
10556 4791 10506 6156 1804 1257 9803 8257 879 
7064 11076 6325 2483 1186 10601 12738 12453 408 4148 
2133 
11034 130 
9652 5231 11055 
1329 4009 95 8312 
8857 1798 2524 6022 1406 
6578 1074 4134 6132 178 8689 
9858 5626 8795 3744 143 4102 10689 
926 9720 490 2999 14422 8481 10076 4761 
6064 10750 3244 8348 15763 11956 4591 4210 8930 
6859 10623 6503 9455 795 9635 1476 9060 4940 8947 
10720 
11663 5962 
5185 11554 9406 
2618 3255 3712 5360 
12013 10278 8194 2113 10423 
9942 12220 8716 5265 9630 3949 
7073 4584 3632 1198 2295 5465 8919 
281 7317 7011 4492 8796 11133 3010 216 
8321 126 2811 2021 5542 9841 11837 7151 5 
1483 2058 9703 2574 12072 123 10913 19585 7557 7322 
8408 
3503 1488 
5788 3566 11669 
1330 2988 4674 6226 
8947 4504 823 2839 4177 
3711 7382 10398 985 5458 4161 
3880 10114 7135 9796 3915 1552 7 
9459 2247 12473 11868 3856 6858 6067 4352 
10706 8659 12495 4882 1493 12566 18469 12554 9291 
3187 5351 9311 6032 6920 8998 11025 7792 4961 11755 
672 
8462 11608 
1367 10886 9901 
5360 6912 8604 5154 
442 5438 3223 2202 5896 
6258 10920 820 7371 10642 9531 
5929 7987 1139 8409 10731 9015 7073 
4236 7381 5117 7149 2673 1707 6717 5337 
10662 1184 5856 1224 293 10513 12192 10025 7309 
4704 6529 3103 9844 6715 6667 7506 10164 10315 1536 
8945 
8488 1498 
9284 3380 9159 
10436 3541 7096 3600 
291 2444 2228 9132 10860 
7169 1273 1680 12462 10449 1579 
4156 9470 6099 2163 1890 6255 32 
10711 392 11669 10116 3220 13394 10478 364 
6252 6228 10544 2186 1281 4117 801 10170 11853 
7141 12181 5774 5453 2613 6529 3943 4566 739 2960 
7476 
9 2401 
7037 6386 5391 
10513 8909 10948 12206 
19407 2789 4369 9619 11635 
12213 2061 653 6844 6317 1856 
548 2904 9660 6429 12358 10697 7833 
7224 5572 10353 5740 12293 12732 9940 8704 
390 6038 11434 5928 6599 5590 8808 5022 8756 
3151 11154 3321 7671 685 725 2761 7266 8774 2602 
10581 
8463 3790 
8991 12286 819 
2957 2716 2476 6032 
1436 9696 1861 16170 8579 
8676 6774 4203 12524 3321 151 
1954 5562 573 3734 1191 7631 1194 
2583 3634 2703 2246 8646 627 10743 8661 
6357 8222 2090 4488 420 6449 2333 9775 3360 
5628 1449 11720 11740 6266 7949 7812 1179 10371 19239 
5474 
12297 9482 
2748 3405 11004 
3965 623 95 4219 
1416 375 1901 12108 12624 
6189 11031 5719 841 8250 1174 
10441 9660 8803 4257 3705 11830 6201 
8069 8603 4665 2195 1395 6796 5525 1091 
7647 10803 10432 2837 8837 4359 11620 8059 5814 
9999 12724 12615 2988 7949 5572 1385 8355 9511 6493 
1159 
9325 11584 
1731 11008 2304 
11964 10806 10472 1388 
927 10553 4854 6022 2107 
7070 12352 1961 10960 6039 11541 
2923 12557 5447 1694 3961 11492 12129 
9541 5740 6062 6715 1990 4963 9241 11263 
7168 8276 4930 3705 7801 6624 10045 7734 4946 
9457 9614 3815 7284 10306 56 4305 661 3628 1732 
10590 
3791 2132 
3956 6408 9424 
12050 7906 1170 817 
11487 4547 4654 7443 7907 
6417 11702 7103 11421 9655 5686 
9502 6998 2498 9029 7785 6636 79 
9616 5214 544 580 495 2733 2161 3286 
5868 8508 2534 6948 10946 1338 4330 6610 10441 
10703 10207 12296 6236 10802 8685 5101 3942 11567 1150 
12097 
1550 11952 
475 5235 638 
788 3095 10993 2562 
8642 12218 5438 4750 9196 
11647 7010 8435 3088 6049 6675 
12000 10349 4295 6251 8988 8732 2838 
7645 58 7844 10467 2813 12709 10989 5372 
5529 3359 8178 5228 1262 4878 3727 370 10823 
7390 14731 193 9677 1873 7953 8508 8722 2310 539 
6134 
9819 4289 
12070 8164 6259 
4846 8307 306 45 
12589 11880 7020 7429 10801 
12160 2714 10821 10115 7013 851 
4710 18380 2588 9971 83 11719 11732 
7819 2990 7305 7685 9318 1082 4016 8670 
11909 12391 9907 11813 4619 2306 10324 12546 3324 
2389 3594 10811 3583 8447 3101 1719 10010 3941 11486 
5357 
1125 1731 
5633 2470 7587 
3353 8348 21 9704 
6444 12243 7300 7950 4577 
11282 11530 7494 9298 6027 10837 
11916 11603 10185 184 5782 6717 11334 
6018 7269 10489 477 9286 11357 11740 412 
5582 2483 2636 6476 4509 10737 2024 9857 2691 
12483 10955 2687 6686 6840 4088 8400 4407 6064 658 
11612 
1336 6109 
11362 11447 12407 
335 3353 5026 5668 
2136 3214 5487 4361 15236 
4104 1125 5735 7552 3469 8275 
4949 11148 12681 9023 329 16183 5600 
1825 8173 5046 937 9969 804 9476 10382 
6223 12123 3055 18556 5063 10589 12642 12692 12029 
7762 2082 3984 7994 2496 4087 8317 4933 10739 9635 
9807 
327 1172 
7193 10551 442 
8149 4569 2447 8174 
10755 7238 4516 8008 11586 
6363 3513 2383 1525 9453 8291 
12528 240 9613 2084 243 1176 3920 
11207 7758 245 10674 6362 15283 7525 12565 
1742 3889 11685 11863 3050 11225 18397 10491 1864 
3125 15936 2726 9039 8994 12380 4921 6478 1918 9401 
164 
8132 7154 
7225 9461 12021 
8367 6717 6028 3610 
4766 3449 11985 2694 45 
3177 11087 1331 1218 4712 3534 
6299 3983 6568 1795 10195 5588 7474 
10275 8120 11126 6632 5725 12326 10743 1759 
8876 7457 1896 4844 1816 971 6692 735 1054 
1320 11888 5710 12387 11992 7346 7821 8126 9944 891 
1478 
900 2191 
4464 2289 1071 
2774 3371 11078 4922 
3114 12036 5885 10635 4665 
7677 15736 2527 5281 7506 5341 
7788 9664 8226 2345 6974 9878 6787 
9788 2478 7656 6539 9328 809 6029 10392 
5201 10752 6318 659 12567 9876 8788 7134 6135 
8826 7699 768 2391 5478 8311 9091 2745 12638 2927 
5770 
2656 5115 
6012 3387 988 
9024 10325 7277 2358 
685 3791 13091 6125 1679 
1502 2911 6366 2854 6277 2792 
5904 5345 722 2559 5477 5504 16578 
12752 9473 8173 3964 12324 9759 173 2340 
6460 2268 7103 1366 5081 6604 5927 5038 1063 
2270 2701 3326 170 2337 7186 8899 11223 12766 12559 
10696 
2627 4513 
8772 1263 12305 
4486 4639 1393 5951 
8053 12293 9203 518 3811 
1065 4456 7250 9448 10515 8816 
6321 4325 7168 10449 6908 8981 6432 
3675 4976 7841 3654 646 8596 1287 3789 
11555 11539 12600 9794 12605 2957 11493 8728 6881 
8568 7342 7157 3619 2420 11285 7317 1107 4885 3166 
9246 
12632 8069 
800 5682 2836 
5282 5664 7649 8511 
7407 10686 2956 2311 9986 
7833 2614 7920 955 10253 9283 
4000 1231 3151 2171 2743 4964 11144 
4472 10711 5157 287 10628 8088 11107 10279 
10396 5731 961 3631 8958 2194 3188 90 472 
8249 3261 1373 5412 11834 1075 10595 11014 10453 11016 
2351 
2817 11347 
9234 11888 3144 
7805 9022 10821 13404 
2937 9782 11304 12103 11187 
10944 4419 4106 525 7691 4299 
8700 590 12559 9091 2615 7419 8454 
11635 9677 76 6079 7030 9510 6554 774 
11705 155 29 9820 719 11182 6776 7493 3534 
17266 7468 6084 12293 3963 6441 3479 7902 2739 10005 
8075 
11170 2527 
8037 15408 802 
3777 6344 11503 2609 
2203 12756 12761 16237 4144 
3572 6697 9399 7798 12210 8732 
3521 10792 4220 6012 12104 5708 7643 
4016 14290 4900 9278 10522 746 2061 5113 
8610 10351 4980 3152 831 3630 11446 12686 1999 
3831 4941 3380 840 3972 4168 11661 2403 6062 8 
9170 
2931 1984 
2986 124 9369 
6049 7451 4821 9545 
8943 9272 5545 4985 4425 
5061 11397 2734 15 10976 1859 
4529 10111 9557 7413 8427 8610 5225 
9524 6581 3597 367 4889 1850 7123 12169 
4498 3487 7508 3544 12668 6136 6127 1836 5896 
10910 9641 4447 8357 1974 1521 1285 11735 12149 1408 
10619 
3876 8217 
1036 5086 5498 
3767 11482 4011 5988 
1358 4682 6480 430 12653 
19494 3312 831 8640 10349 461 
9254 708 11812 6954 10569 11544 1926 
7742 4306 9485 1772 2519 6869 5315 4323 
6970 6559 8110 4191 6308 12149 495 9354 2507 
970 10100 1944 11891 5674 2196 5753 1812 10591 7613 
1892 
4781 12022 
2184 10711 405 
12113 2948 287 5978 
9936 7122 6298 3059 2771 
6630 5596 2427 5311 7290 8038 
5152 12594 8073 7906 2307 8563 9988 
6874 1072 672 7642 1674 7912 7410 3158 
12234 4089 5490 3243 7019 5569 3236 1064 1135 
8733 4537 8210 8842 1418 2141 11263 1852 4195 4037 
1338 
1821 9559 
501 12271 803 
10511 2010 8402 5366 
455 11182 3728 4809 2996 
1358 11872 8090 7340 1493 5779 
3530 2208 3736 6628 958 6809 7344 
11904 10447 12623 8619 5348 5774 9450 1294 
3308 5317 106 7997 1297 9376 12174 7649 4458 
4284 2878 5121 6325 173 11967 648 8125 8831 11603 
4775 
6747 1303 
316 4598 10620 
61 6420 6977 5022 
12428 2732 4482 5938 11824 
12202 7564 1464 1527 10017 2381 
10164 1100 6543 19860 12221 9072 173 
694 10961 2475 11660 4244 2359 7444 8303 
12096 8314 2083 6275 3417 5219 5546 5797 6066 
6758 9803 627 7299 8504 12529 5983 11258 11207 1195 
9678 
4023 7966 
8587 1689 12339 
10705 8026 8470 251 
6711 1283 1444 7722 4538 
6636 6276 8958 2006 2780 7266 
11582 10185 7694 6921 3111 7402 7890 
4170 4904 12245 7819 9886 6990 8076 2172 
10131 11135 11443 5315 11683 12703 19127 8395 8159 
4514 4776 12273 298 6375 8114 2303 3067 12547 3451 
10501 
8889 7564 
11874 12338 2316 
3998 4008 9244 7079 
1015 2886 11546 9108 3621 
10191 1185 1891 3421 4686 5518 
6966 2315 4877 9836 5463 10325 9643 
7084 10000 12489 5806 8704 9419 10801 11922 
7842 4771 11812 11831 10650 859 8465 2485 6332 
1896 11657 1491 5600 9186 6882 6472 7186 11130 189 
881 
6908 2976 
4865 2846 7969 
3385 5760 2374 6827 
1535 11300 8430 15102 5551 
1155 4693 3216 10619 6923 3944 
3820 5841 4894 10876 10131 12057 2679 
6936 7229 4500 11332 6089 5757 3919 892 
9110 4203 6408 7651 5590 10275 823 5890 9897 
8546 3625 4694 6896 2896 5637 429 10184 8259 6770 
