5
3 51 107 1020958871
13 55 9 9
8 56 10 29
2 56 9 36
10 53 8 53
5 205 417 949052528
91 15 10 3 3 4
96 19 16 4 5 16
99 26 24 6 7 29
120 18 35 14 12 101
104 20 41 8 13 114
87 24 32 16 14 137
70 27 33 16 16 148
76 19 36 13 17 174
62 23 37 15 15 226
72 21 33 15 20 250
54 25 34 11 21 266
53 23 40 10 17 321
41 25 37 11 17 333
64 25 32 13 20 409
59 20 32 16 14 422
7 322 937 468374437
31 3 1 1 0 0 0 0
185 42 18 14 8 7 9 36
171 49 17 12 12 9 9 40
205 50 24 16 12 13 10 58
196 49 23 17 17 11 10 65
198 49 23 21 16 11 14 77
186 45 28 23 15 13 13 86
176 45 28 23 17 13 14 93
194 49 36 29 16 21 17 140
184 48 38 24 22 18 18 150
173 47 34 33 20 17 20 158
234 52 30 31 25 21 21 192
222 48 33 33 24 22 22 202
236 52 34 32 21 25 25 230
254 48 36 31 26 28 22 251
325 47 35 36 24 26 28 290
359 46 37 37 26 27 27 333
399 44 37 39 31 24 29 396
389 43 33 42 29 26 34 403
396 50 35 33 35 23 37 425
414 49 38 35 32 27 37 468
402 47 33 38 31 31 33 491
415 47 36 41 31 28 36 513
455 50 30 39 34 30 37 544
462 50 33 40 26 33 37 580
483 50 34 38 32 26 41 615
513 49 38 37 30 28 39 661
504 51 30 39 33 26 42 681
532 49 35 33 33 28 36 769
9 360 1681 135117956
51 8 4 2 0 0 0 0 0 0
36 16 6 2 4 1 0 0 0 0
31 12 9 4 6 3 0 0 0 0
25 15 8 7 10 5 1 1 1 1
48 45 19 15 19 10 6 3 5 15
33 49 24 17 18 13 5 3 5 18
116 57 74 32 52 22 13 8 14 74
97 65 75 38 53 26 10 13 13 83
99 63 84 36 58 27 12 13 14 95
94 66 100 36 61 33 16 13 17 115
121 73 106 38 68 31 15 19 16 136
100 73 120 36 72 38 13 20 23 150
82 79 124 34 78 34 14 19 24 157
50 85 133 40 86 30 18 20 27 182
99 85 151 37 94 34 17 23 25 209
142 98 169 40 99 36 22 22 26 252
132 95 172 44 99 37 21 22 27 257
166 103 192 41 113 39 16 28 33 295
153 112 199 38 115 40 18 25 35 311
139 115 199 40 121 35 19 27 32 319
165 118 230 39 136 33 23 24 40 373
205 133 256 37 151 34 21 28 33 436
178 133 266 37 155 32 22 26 35 452
250 151 295 41 175 33 18 28 38 533
235 152 312 39 179 34 21 26 38 566
260 159 320 36 190 33 23 23 41 586
281 163 336 43 191 34 24 21 38 628
298 166 353 43 205 31 19 29 32 669
317 168 372 36 212 35 25 24 33 698
304 169 373 42 219 30 23 25 36 713
324 186 406 38 231 36 20 25 37 781
312 185 410 38 235 33 20 28 33 790
297 189 413 40 234 34 21 26 30 800
376 199 443 42 248 35 21 26 36 864
360 205 445 40 252 34 21 27 37 869
377 203 456 38 260 37 16 27 37 892
387 210 461 40 260 39 16 31 36 903
11 429 2623 1022191827
79 0 0 0 0 0 0 0 0 0 0 0
85 1 1 0 0 0 0 0 0 0 0 0
115 3 0 1 0 1 0 0 0 0 0 0
111 5 1 1 0 1 0 1 0 0 0 0
107 6 4 0 1 0 1 0 1 0 0 0
229 24 8 4 2 2 4 2 1 1 0 6
252 31 9 4 7 3 5 2 2 2 1 11
339 36 16 3 11 2 10 4 2 2 2 22
494 38 21 5 11 6 14 8 2 4 4 42
492 37 18 8 10 6 16 6 4 5 2 45
521 43 16 4 14 5 18 5 4 4 3 51
554 38 18 7 13 6 18 8 2 6 4 59
543 45 16 6 14 8 18 8 2 6 4 63
539 43 15 8 15 5 21 8 2 6 5 66
542 46 15 6 16 4 22 7 4 6 4 75
617 45 15 5 17 7 19 8 5 8 5 88
657 52 16 4 18 5 24 11 8 4 4 124
679 48 16 7 15 8 23 11 7 7 4 130
693 50 16 6 14 10 23 13 5 8 4 138
683 56 15 6 16 7 27 12 5 7 4 142
683 51 13 6 19 6 27 11 8 8 2 146
720 55 13 4 18 8 23 15 7 7 6 157
726 49 15 5 17 7 27 15 5 8 5 171
831 56 18 3 14 10 27 13 7 11 4 196
859 61 14 6 14 5 26 15 9 10 7 207
858 57 13 7 15 6 25 15 9 10 7 211
892 64 12 4 15 8 25 16 8 9 7 226
887 62 17 4 14 7 26 17 7 10 5 230
934 60 21 4 13 5 26 14 10 11 4 243
955 66 17 6 12 8 27 11 10 11 5 259
947 70 16 6 12 5 27 14 10 8 7 265
1111 69 18 6 14 8 22 13 8 12 7 310
1105 74 17 4 16 9 20 14 8 9 8 320
1287 74 15 12 13 8 22 10 9 12 4 371
1307 80 17 6 18 6 21 13 9 8 5 393
1325 82 17 6 19 5 24 12 6 11 4 405
1327 82 16 5 18 10 20 15 7 8 5 414
1367 79 16 6 20 8 20 14 7 12 4 427
1537 87 19 5 16 8 26 11 7 11 5 466
1584 81 19 5 11 13 25 11 9 7 6 489
1639 91 13 8 16 12 24 12 5 9 8 502
1630 97 14 7 17 9 25 10 8 9 4 509
1725 95 12 5 18 8 24 14 8 10 5 531
1757 92 23 2 18 6 27 16 4 10 5 544
1748 97 16 4 15 8 29 11 10 9 4 554
1745 95 17 5 16 6 29 10 11 8 6 557
1751 99 17 6 14 8 27 14 6 12 5 575
1768 102 15 6 14 7 26 15 7 11 6 588
1788 100 21 5 10 9 23 16 11 9 6 596
1842 105 15 7 15 5 28 12 9 11 6 617
1870 102 18 6 13 10 24 14 8 11 6 626
1884 102 19 3 18 7 23 15 7 14 4 637
2101 108 22 3 17 7 24 14 9 10 7 694
2175 111 21 3 15 6 27 13 9 11 6 717
2168 116 16 5 14 7 28 14 5 14 6 721
2221 116 15 8 12 6 30 12 7 12 5 749
2210 120 15 7 13 8 25 14 8 9 6 760
2202 121 19 3 15 8 23 16 7 11 5 768
2209 118 18 6 15 7 23 16 7 13 4 776
2251 119 18 6 14 6 26 14 7 10 8 799
2249 119 19 5 16 6 26 13 7 11 7 800
