1
12345 16 5
10011
1369511592 32 10
0110001101
295359244 48 15
000100000110010
472427058 64 20
00010001100101000100
144981826 80 25
1001110010111110101100100
489529702 96 30
111100101001100011100110110010
1570266026 112 35
11000111111011100010101110000010101
1903703102 128 40
0111110010100111010001010000011100001110
1576503254 144 45
011000001100011100000001011110010010010010100
171266763 160 50
10001101100000110101001010000011001001110011010100
1063704422 176 50
01000010000000100001101010110101000110110100100010
974297186 192 50
10000100110111000011100101001110100011110100001011
504217079 208 50
10011100000011010111111011011110011101011111100001
757624372 224 50
00110001001011001000110011010100011000001111000000
1116130053 240 50
01011000111100010101001011111110011100110110000010
1112798125 256 50
01110100010001010100111101001110010100110100111001
629800937 256 50
01000000011001010000010101000000101000010011000000
1930169612 256 50
01110001001100000001011101101011011001000000100000
604234903 256 50
10010011100101101000000110101110110001101100000101
1602900118 256 50
01110000000100001110010010011111000111010101111010
1537760091 256 50
01101100011000110111100110101100011000101101001111
1236324215 256 50
10111111100100100010010101100011001111011110010000
1889640221 256 50
10000000010101111000000011101111011110010000010001
937151674 256 50
00010101001111001001001111001100110000110110111010
601808823 256 50
00000000011111011100100011000000111001001000001000
1563547461 256 50
00010100000001000000000000011100110000001100111101
2093118215 256 50
00011101000100110001100101100001010000101010110010
1469824690 256 50
00001010101001100000001001111101010010101001010101
157221837 256 50
10111001100001000100100110111010001100000000001001
1245513558 256 50
11100000100110101000110000111000010101100010010111
1142325383 256 50
00100000001001001000101100001000110110000101011000
1438252737 256 50
10001100001100001000000010101111100000111100001000
144367006 256 50
00111001000010111100011010100000100110101111011010
1242794967 256 50
01001100101001000010111011100101001000100010010001
1790046086 256 50
00010011100010100111100000011100010010000000001010
964098020 256 50
01001101000100100111000110100100111000001000010001
925788856 256 50
10110000000001100101101000010101000011110110101111
1456339153 256 50
00010010001111010000011010100011000010011111011000
2071473338 256 50
01111001111000110001100010110000000110011011000000
1391930735 256 50
10001000001011000111111011011101001110010001001110
791748374 256 50
00001110000110001110000100000001110101000000000101
1426631602 256 50
10101011000111000100000000001010011011001010011001
1241372689 256 50
01100110101011000100010011010100001001000011001110
1270256007 256 50
11001100010110100101111000001111000111011100010110
1948104103 256 50
11100001100011101011100001001010000100000110100011
333287108 256 50
00110010010001100010001100000000100000001000010001
563065993 256 50
10111110011100000000110101010000011000010101010000
505883494 256 50
00111001100100000010000010100001011011001010000000
453715868 256 50
11001000110010010100001001100111000110000010001000
2048289020 256 50
10101110000001000001001101100000101001001000011000
